3
42
186
617
1239
2410
3648
6156
7555
12839
29019
33330
46999
61725
198498
284455
347371
327990
291322
320618
518741
317050
361839
295909
522747
569297
694106
751700
983252
1.34531e+06
1.10037e+06
1.41071e+06
1.79497e+06
1.75252e+06
1.67482e+06
2.32061e+06
1.97721e+06
3.09379e+06
2.53792e+06
2.85361e+06
2.96121e+06
3.42788e+06
4.25845e+06
4.27703e+06
3.7016e+06
4.03442e+06
4.30331e+06
4.96889e+06
5.05083e+06
5.73505e+06
5.60808e+06
5.83373e+06
7.52712e+06
7.72278e+06
7.79137e+06
7.39642e+06
8.63591e+06
8.59614e+06
8.71584e+06
1.08469e+07
9.32837e+06
